Comment,Designator,Footprint,LCSC Part #,Quantity,Manufacturer,MPN
0.1uf,"C1, C4, C6, C21, C22, C26, C34, C36, C39",C_0402_1005Metric,,9,,
10uf,"C2, C8",C_0603_1608Metric,,2,,
1uf,C3,C_0402_1005Metric,,1,,
10uf,"C5, C27, C33, C35, C37, C38",C_0402_1005Metric,,6,,
100uf,C7,C_1206_3216Metric,,1,,
10nf,C20,C_0805_2012Metric,,1,,
10uf,C40,C_0805_2012Metric,C15850,1,Samsung Electro-Mechanics,CL21A106KAYNNNE
22uf,C41,C_0805_2012Metric,C45783,1,Samsung Electro-Mechanics,CL21A226MAQNNNE
0.1uf,C42,C_0402_1005Metric,C1525,1,Samsung,CL05B104KO5NNNC
LED,D1,LED_0603_1608Metric,,1,,
GZ2012D121TF,FB1,C_0805_2012Metric,,1,,
USB_C_Receptacle_USB2.0_14P,J5,HRO-TYPE-C-31-M-12,,1,,
1k,"R1, R2, R9, R13, R17",R_0402_1005Metric,,5,,
10k,R3,R_0402_1005Metric,,1,,
5.1k,"R4, R11",R_0603_1608Metric,,2,,
1.5k,"R5, R6",R_0402_1005Metric,,2,,
33,"R7, R8, R14, R18, R26",R_0402_1005Metric,,5,,
100k,"R10, R12, R16, R19",R_0402_1005Metric,,4,,
10,R15,R_0603_1608Metric,,1,,
4.7k,"R24, R25",R_0402_1005Metric,,2,,
K2-1808SN-A4SW-01,"SW1, SW2, SW4",K2-1808SN-A4SW-01,,3,,
ESP32-S3-WROOM-1U-N16R8,U1,ESP32-S3-WROOM-1U,,1,,
MCP6002-xSN,U3,SOIC-8_3.9x4.9mm_P1.27mm,,1,,
ES8388,U4,ES8388_QFN28_4x4_P0.45_EP2.6_ThermalVias,,1,Everest Semiconductor,ES8388
AP2112K-3.3,U5,SOT-23-5,C51118,1,Diodes,AP2112K-3.3TRG1
